accuracy	loss	multiclass_dice	val_accuracy	val_loss	val_multiclass_dice	learning_rate
0.83138293	0.547976434	0.558294415	0.181099206	422.3673401	0.221300691	0.001
0.901428223	0.276324362	0.725547791	0.84261167	1.20737946	0.633234084	0.001
0.910353541	0.240765631	0.752347112	0.520670414	20.05169296	0.247559756	0.001
0.922355533	0.206632346	0.78831321	0.905415833	0.303752482	0.755338132	0.001
0.929105818	0.186979651	0.808470547	0.893848836	0.346409887	0.708564818	0.001
0.932437956	0.175065011	0.817268014	0.928043842	0.188599035	0.805357635	0.001
0.939548731	0.153840825	0.837589741	0.907126665	0.28630209	0.781286359	0.001
0.939178526	0.155050933	0.836649656	0.921129644	0.203908578	0.776918173	0.001
0.947691262	0.13101916	0.859788954	0.945461929	0.133630231	0.846430361	0.0002
0.95021385	0.122735597	0.866150618	0.947598219	0.128952935	0.852576673	0.0002
0.951469123	0.11970254	0.869670153	0.951277316	0.119920909	0.863679588	0.0002
0.952277184	0.11757382	0.871938348	0.951000214	0.119711459	0.864006221	0.0002
0.953478098	0.114092961	0.876214862	0.950788617	0.119515017	0.863318145	0.0002
0.953557611	0.113902643	0.876300395	0.951103508	0.120981872	0.867842078	0.0002
0.954271495	0.111625031	0.878320873	0.951990008	0.118091322	0.86596024	0.0002
0.954728007	0.110479206	0.879434466	0.953103364	0.115408085	0.871959448	0.0002
0.955978274	0.10772603	0.882415295	0.952767313	0.115552925	0.869169772	0.0002
0.955713689	0.107123822	0.882394195	0.948340476	0.130454749	0.857466578	0.0002
0.958721519	0.100088075	0.889874876	0.955568671	0.107787356	0.878666282	4.00E-05
0.959677041	0.097479805	0.892598212	0.955685914	0.108367197	0.877926826	4.00E-05
0.960234165	0.096084982	0.893821001	0.955575824	0.108596705	0.877176344	4.00E-05
0.960800529	0.094701067	0.895676672	0.956546783	0.106811516	0.8816185	1.00E-05
0.960775375	0.094523981	0.89565438	0.95648396	0.107004926	0.881046653	1.00E-05
0.960773051	0.094615243	0.895528436	0.956157565	0.107660621	0.879929602	1.00E-05
0.96095252	0.094166517	0.895905674	0.956337512	0.10758967	0.880375564	1.00E-05
0.960726619	0.094756	0.895479977	0.956670642	0.106553935	0.881802797	1.00E-05
0.961035073	0.093990117	0.896468699	0.956125915	0.107883498	0.879791021	1.00E-05
0.961070776	0.093943782	0.896168888	0.956847191	0.106326744	0.882218242	1.00E-05
0.961167991	0.093702905	0.896695018	0.956732631	0.10649287	0.881753623	1.00E-05
0.96100539	0.093876868	0.89626652	0.956975102	0.106088571	0.882379234	1.00E-05
0.961225331	0.093749695	0.89685452	0.956678331	0.106608033	0.881947994	1.00E-05
0.961426318	0.093257315	0.897458851	0.956682146	0.10658893	0.881493449	1.00E-05
0.961327553	0.093124822	0.896981061	0.95698905	0.106128201	0.882605135	1.00E-05
0.96158421	0.092731081	0.897772849	0.956781566	0.106761836	0.882020712	1.00E-05
0.961595118	0.092617445	0.897685826	0.957052052	0.105952047	0.88274771	1.00E-05
0.961736202	0.092340961	0.8979128	0.956866741	0.106331944	0.882493496	1.00E-05
0.961808562	0.092058882	0.898389518	0.956801772	0.106587753	0.881893516	1.00E-05
0.961857557	0.091981888	0.898483753	0.957347929	0.105441138	0.883776188	1.00E-05
0.961831391	0.092073791	0.898444355	0.957259834	0.105785042	0.883098662	1.00E-05
0.961774826	0.09196128	0.898333609	0.957346916	0.105367668	0.883632481	1.00E-05
0.961728692	0.092235774	0.897936344	0.957022488	0.105853193	0.882806718	1.00E-05
0.962164283	0.090989314	0.899301946	0.956865728	0.106074654	0.882441401	1.00E-05
0.962257504	0.091080263	0.899466276	0.956993878	0.106335983	0.882484078	1.00E-05
